# Possible colours, for reference

clrs_yellow <- c("#285391",
          "#3f84e6",
          "#8cb5f0",
          "#e36360",
          "#f1b5b5",
          "#cfa91f",
          "#f2d672")
          

clrs_green <- c("#285391",
  "#3f84e6",
  "#8cb5f0",
  "#e36360",
  "#f1b5b5",
  "#a8bf36",
  "#d8e68a")